      A16     A10     A6     A9     A7     A3     A4     A14     A5     A11     A15     A17     A13     A1     A19     A8     A2     A18     A12
A16    0 0 0 0 0 0 0 0 0 0 0 0 0 0 0 0 0 0 0 
A10    0 0 0 0 0 0 0 0 0 0 0 0 0 0 0 0 0 0 0 
A6    0 0 0 0 0 0 0 0 0 0 0 0 0 0 0 0 0 0 0 
A9    0 0 0 211 117 0 0 0 0 0 0 0 0 0 0 96 0 0 0 
A7    0 0 0 117 241 191 111 0 0 0 0 0 0 0 0 53 0 66 102 
A3    0 0 0 0 191 294 171 0 0 0 0 0 0 0 0 0 0 0 0 
A4    0 0 0 0 111 171 291 168 192 0 0 0 116 0 0 0 0 0 0 
A14    0 0 0 0 0 0 168 290 168 0 0 0 0 0 0 0 0 0 0 
A5    0 0 0 0 0 0 192 168 292 172 123 0 116 0 0 0 0 0 0 
A11    0 0 0 0 0 0 0 0 172 295 211 0 0 0 0 0 0 0 0 
A15    0 0 0 0 0 0 0 0 123 211 290 199 0 0 0 0 142 0 0 
A17    0 0 0 0 0 0 0 0 0 0 199 283 0 0 0 0 203 0 0 
A13    0 0 0 0 0 0 116 0 116 0 0 0 295 159 0 116 0 0 0 
A1    0 0 0 0 0 0 0 0 0 0 0 0 159 277 166 202 0 0 0 
A19    0 0 0 0 0 0 0 0 0 0 0 0 0 166 247 122 0 0 0 
A8    0 0 0 96 53 0 0 0 0 0 0 0 116 202 122 262 98 107 0 
A2    0 0 0 0 0 0 0 0 0 0 142 203 0 0 0 98 278 145 0 
A18    0 0 0 0 66 0 0 0 0 0 0 0 0 0 0 107 145 239 125 
A12    0 0 0 0 102 0 0 0 0 0 0 0 0 0 0 0 0 125 193 
